631590
621935
621935
580597
580597
618063
580678
862126
863343
820067
923931
7898654270077
810029
854018
919888
919969
926540
926540
926051
926051
926086
926191
926582
758850
758701
813699
813770
927368
927279
728870
728870
927309
659525
571415
571180
571180
635952
636002
934437
934496
934402
934887
909360
910058
910058
910058
615633
909378
909750
909750
321044
321044
316989
316989
316989
959049
316962
755303
755303
946044
946044
818062
818062
818062
818062
640948
640948
640948
640948
303259
303259
303259
595322
304140
304140
640913
640913
982997
982997
982920
52742038254
52742038254
983020
982890
982946
303275
304123
927341
927325
927287
