730106
826855
826820
851787
851779
826863
851795
826880
851809
584673
826901
851833
826910
826928
851817
851825
826936
851868
851841
851850
812480
730637
601853
601861
697818
903256
697788
697796
790834
697826
697800
790842
910040
909084
909335
909920
909068
909866
909327
909890
909904
909912
909874
909882
909025
908991
909823
908452
909777
909815
790621
623431
892629
927503
927511
806099
805840
805947
805777
805785
805769
805637
927490
805491
927481
927473
806153
643068
853739
853747
853755
728845
853763
730157
730190
834513
834459
834505
834491
730890
828114
828092
828165
828220
828068
828122
828041
844500
844527
844519
844535
844586
844578
844551
797022
797049
797693
797707
656658
656631
656623
656640
794074
794589
189618
559911
271942
559873
521604
113476
925632
564893
572020
717770
932981
571857
686654
794368
793973
794007
793981
759244
759252
794384
797715
797723
796867
796875
759260
797758
797766
797731
