965430
965430
965430
965430
965430
965430
965430
965430
965430
965430
966010
965375
965375
965375
965910
965910
965910
965910
965910
965910
965987
965987
965987
965936
965936
965936
965936
965952
965952
965952
965952
965952
965952
965952
965979
965979
965979
965979
965979
965979
965979
965979
965979
965979
966126
966126
966126
965880
965880
965880
965880
965880
965880
965880
965880
966045
966045
966045
966045
966045
965960
965960
965960
965995
965995
965995
965995
965995
965944
965944
965944
965944
965383
965383
965383
965383
966029
966029
966029
964379
964379
964379
964379
964379
964379
964379
964379
964379
964379
964379
964379
965391
965391
965391
965391
965391
965391
965391
965391
965391
965391
965391
965391
965391
965898
965898
965898
965898
964794
964794
964794
964794
964794
964794
964794
964794
964794
964794
964794
964794
965367
965367
965367
965367
965367
965367
965367
965367
965367
965367
965367
965367
965367
965367
965367
965367
966002
966002
966002
966002
966002
966002
966002
965359
965359
965359
965359
965359
964476
964476
964476
964476
964476
964476
964476
964476
964476
964476
964476
964476
964476
964476
964476
964476
964476
964476
964476
964476
964476
964476
965405
965405
965405
965405
965405
965405
965405
965405
965405
964395
964395
964395
964395
964395
964395
964395
964395
964395
964395
964395
964395
964395
964395
964395
964395
964395
964395
964395
964395
964395
964808
964808
965340
965340
965340
965340
965340
965340
965340
965340
965340
965340
965340
965340
965340
965340
965340
965901
965901
965901
965901
965901
965901
965901
965901
965901
965332
965332
965332
965332
965332
965332
965332
964786
964786
964786
964786
964786
964786
964786
964786
964786
964786
964786
964786
964786
964786
964786
964786
964786
964786
964786
964786
964786
964786
964786
964786
964786
964786
964786
964786
964786
965928
965928
965928
965928
965928
965928
982873
982873
982873
982873
982873
982873
982873
982873
982970
982970
982970
982970
982970
982970
982970
982970
982970
983004
983004
983004
983004
983004
983004
983004
982903
982903
323594
982997
982946
983020
983020
982920
943436
943436
943258
943258
943401
943401
941395
941395
941395
941395
941395
943207
943207
943207
943207
943207
943207
943207
820270
943347
943347
943347
943347
943428
943428
943428
943428
943428
943428
943428
814520
814520
639605
942154
52742615806
784907
784907
843490
843490
52742700809
52742700809
52742700809
52742700809
52742700809
52742700809
52742700809
52742700809
52742700809
52742700809
52742700809
52742700809
52742700809
52742700809
52742700809
52742700809
52742700809
52742700809
52742700809
52742700809
52742700809
52742700809
981575
981575
981575
981575
981575
981575
981575
981575
981575
981575
981575
981575
981575
842982
842982
842982
842982
842982
842982
842982
842982
842982
842982
842982
842982
842982
842982
842982
842982
