194778
135046
176176
140988
963232
135135
947547
345148
382965
170208
105562
314781
193984
166693
124273
879207
286540
194336
139688
932965
863629
198897
615919
140244
261246
917419
193690
158887
298778
928186
139939
892467
289280
618373
676691
158917
136069
121584
301400
261971
953458
303976
262552
281590
817600
618403
261874
137138
122300
519090
168955
138584
170860
146560
947326
620386
261327
250074
529532
189715
293296
289302
285030
106127
384194
168963
153109
845183
619795
150452
274933
244198
958590
735639
870390
933058
328472
356166
263036
278491
174203
869473
301159
931500
752177
737704
136050
526797
905607
146552
304000
303992
871419
138096
812501
951021
883395
933040
105058
132160
139920
250228
951030
667242
261947
261955
963488
957399
779091
937380
773697
263117
127000
134082
153362
241776
915351
965812
112151
863394
301671
335070
261408
198749
113883
